PP 0	MM 100			
0.0	0 0.039 0.0386 0.009 0.0378 0.0346 0.0382 0.031 0.0338 0.0302 0.0086 0.0326 0.0366 0.0358 0.035 0.033 0.037 0.0314 0.0362 0.0374 0.0334 0.0354 0.0342 0.0318 0.0322 0.0298 0.0218 0.0278 0.0294 0.019 0.029 0.0262 0.0306 0.0286 0.0194 0.0206 0.0274 0.0198 0.0282 0.0266 0.023 0.025 0.0082 0.0258 0.0166 0.0202 0.007 0.0142 0.0066 0.0078 0.0238 0.0234 0.0174 0.0134 0.0254 0.0074 0.0102 0.027 0.0226 0.0222 0.0178 0.0242 0.015 0.017 0.0214 0.0058 0.021 0.0154 0.0246 0.0186 0.0158 0.0062 0.0138 0.0182 0.0054 0.0046 0.0162 0.005 0.013 0.0094 0.0114 0.011 0.0146 0.0122 0.0034 0.0038 0.003 0.0098 0.0042 0.0126 0.0118 0.0014 0.0106 0.0022 0.0026 0.0018
                                1.92
------------------------------------

PP 05	MM 95			
0.096	0 0.037 0.03662105 0.00857895 0.03586316 0.03283158 0.03624211 0.02942105 0.03207368 0.02866316 0.0082 0.03093684 0.03472632 0.03396842 0.03321053 0.03131579 0.03510526 0.0298 0.03434737 0.03548421 0.03169474 0.03358947 0.03245263 0.03017895 0.03055789 0.02828421 0.02070526 0.02638947 0.02790526 0.01805263 0.02752632 0.02487368 0.02904211 0.02714737 0.01843158 0.01956842 0.02601053 0.01881053 0.02676842 0.02525263 0.02184211 0.02373684 0.00782105 0.02449474 0.01577895 0.01918947 0.00668421 0.01350526 0.00630526 0.00744211 0.0226 0.02222105 0.01653684 0.01274737 0.02411579 0.00706316 0.00971579 0.02563158 0.02146316 0.02108421 0.01691579 0.02297895 0.01426316 0.01615789 0.02032632 0.00554737 0.01994737 0.01464211 0.02335789 0.01767368 0.01502105 0.00592632 0.01312632 0.01729474 0.00516842 0.00441053 0.0154 0.00478947 0.01236842 0.00895789 0.01085263 0.01047368 0.01388421 0.01161053 0.00327368 0.00365263 0.00289474 0.00933684 0.00403158 0.01198947 0.01123158 0.00137895 0.01009474 0.00213684 0.00251579 0.00175789
                                1.92
------------------------------------

PP 10	MM 90			
0.192	0 0.035 0.03464211 0.00815789 0.03392632 0.03106316 0.03428421 0.02784211 0.03034737 0.02712632 0.0078 0.02927368 0.03285263 0.03213684 0.03142105 0.02963158 0.03321053 0.0282 0.03249474 0.03356842 0.02998947 0.03177895 0.03070526 0.02855789 0.02891579 0.02676842 0.01961053 0.02497895 0.02641053 0.01710526 0.02605263 0.02354737 0.02748421 0.02569474 0.01746316 0.01853684 0.02462105 0.01782105 0.02533684 0.02390526 0.02068421 0.02247368 0.00744211 0.02318947 0.01495789 0.01817895 0.00636842 0.01281053 0.00601053 0.00708421 0.0214 0.02104211 0.01567368 0.01209474 0.02283158 0.00672632 0.00923158 0.02426316 0.02032632 0.01996842 0.01603158 0.02175789 0.01352632 0.01531579 0.01925263 0.00529474 0.01889474 0.01388421 0.02211579 0.01674737 0.01424211 0.00565263 0.01245263 0.01638947 0.00493684 0.00422105 0.0146 0.00457895 0.01173684 0.00851579 0.01030526 0.00994737 0.01316842 0.01102105 0.00314737 0.00350526 0.00278947 0.00887368 0.00386316 0.01137895 0.01066316 0.00135789 0.00958947 0.00207368 0.00243158 0.00171579
                                1.92
------------------------------------

PP 15	MM 85			
0.288	0 0.033 0.03266316 0.00773684 0.03198947 0.02929474 0.03232632 0.02626316 0.02862105 0.02558947 0.0074 0.02761053 0.03097895 0.03030526 0.02963158 0.02794737 0.03131579 0.0266 0.03064211 0.03165263 0.02828421 0.02996842 0.02895789 0.02693684 0.02727368 0.02525263 0.01851579 0.02356842 0.02491579 0.01615789 0.02457895 0.02222105 0.02592632 0.02424211 0.01649474 0.01750526 0.02323158 0.01683158 0.02390526 0.02255789 0.01952632 0.02121053 0.00706316 0.02188421 0.01413684 0.01716842 0.00605263 0.01211579 0.00571579 0.00672632 0.0202 0.01986316 0.01481053 0.01144211 0.02154737 0.00638947 0.00874737 0.02289474 0.01918947 0.01885263 0.01514737 0.02053684 0.01278947 0.01447368 0.01817895 0.00504211 0.01784211 0.01312632 0.02087368 0.01582105 0.01346316 0.00537895 0.01177895 0.01548421 0.00470526 0.00403158 0.0138 0.00436842 0.01110526 0.00807368 0.00975789 0.00942105 0.01245263 0.01043158 0.00302105 0.00335789 0.00268421 0.00841053 0.00369474 0.01076842 0.01009474 0.00133684 0.00908421 0.00201053 0.00234737 0.00167368
                                1.92
------------------------------------

PP 20	MM 80
0.384	0 0.031 0.03068421 0.00731579 0.03005263 0.02752632 0.03036842 0.02468421 0.02689474 0.02405263 0.007 0.02594737 0.02910526 0.02847368 0.02784211 0.02626316 0.02942105 0.025 0.02878947 0.02973684 0.02657895 0.02815789 0.02721053 0.02531579 0.02563158 0.02373684 0.01742105 0.02215789 0.02342105 0.01521053 0.02310526 0.02089474 0.02436842 0.02278947 0.01552632 0.01647368 0.02184211 0.01584211 0.02247368 0.02121053 0.01836842 0.01994737 0.00668421 0.02057895 0.01331579 0.01615789 0.00573684 0.01142105 0.00542105 0.00636842 0.019 0.01868421 0.01394737 0.01078947 0.02026316 0.00605263 0.00826316 0.02152632 0.01805263 0.01773684 0.01426316 0.01931579 0.01205263 0.01363158 0.01710526 0.00478947 0.01678947 0.01236842 0.01963158 0.01489474 0.01268421 0.00510526 0.01110526 0.01457895 0.00447368 0.00384211 0.013 0.00415789 0.01047368 0.00763158 0.00921053 0.00889474 0.01173684 0.00984211 0.00289474 0.00321053 0.00257895 0.00794737 0.00352632 0.01015789 0.00952632 0.00131579 0.00857895 0.00194737 0.00226316 0.00163158
	                        1.92
------------------------------------

PP 25	MM 75			
0.48	0 0.029 0.02870526 0.00689474 0.02811579 0.02575789 0.02841053 0.02310526 0.02516842 0.02251579 0.0066 0.02428421 0.02723158 0.02664211 0.02605263 0.02457895 0.02752632 0.0234 0.02693684 0.02782105 0.02487368 0.02634737 0.02546316 0.02369474 0.02398947 0.02222105 0.01632632 0.02074737 0.02192632 0.01426316 0.02163158 0.01956842 0.02281053 0.02133684 0.01455789 0.01544211 0.02045263 0.01485263 0.02104211 0.01986316 0.01721053 0.01868421 0.00630526 0.01927368 0.01249474 0.01514737 0.00542105 0.01072632 0.00512632 0.00601053 0.0178 0.01750526 0.01308421 0.01013684 0.01897895 0.00571579 0.00777895 0.02015789 0.01691579 0.01662105 0.01337895 0.01809474 0.01131579 0.01278947 0.01603158 0.00453684 0.01573684 0.01161053 0.01838947 0.01396842 0.01190526 0.00483158 0.01043158 0.01367368 0.00424211 0.00365263 0.0122 0.00394737 0.00984211 0.00718947 0.00866316 0.00836842 0.01102105 0.00925263 0.00276842 0.00306316 0.00247368 0.00748421 0.00335789 0.00954737 0.00895789 0.00129474 0.00807368 0.00188421 0.00217895 0.00158947
                                1.92
------------------------------------

PP 40	MM 60
0.768	0 0.023 0.02276842 0.00563158 0.02230526 0.02045263 0.02253684 0.01836842 0.01998947 0.01790526 0.0054 0.01929474 0.02161053 0.02114737 0.02068421 0.01952632 0.02184211 0.0186 0.02137895 0.02207368 0.01975789 0.02091579 0.02022105 0.01883158 0.01906316 0.01767368 0.01304211 0.01651579 0.01744211 0.01142105 0.01721053 0.01558947 0.01813684 0.01697895 0.01165263 0.01234737 0.01628421 0.01188421 0.01674737 0.01582105 0.01373684 0.01489474 0.00516842 0.01535789 0.01003158 0.01211579 0.00447368 0.00864211 0.00424211 0.00493684 0.0142 0.01396842 0.01049474 0.00817895 0.01512632 0.00470526 0.00632632 0.01605263 0.01350526 0.01327368 0.01072632 0.01443158 0.00910526 0.01026316 0.01281053 0.00377895 0.01257895 0.00933684 0.01466316 0.01118947 0.00956842 0.00401053 0.00841053 0.01095789 0.00354737 0.00308421 0.0098 0.00331579 0.00794737 0.00586316 0.00702105 0.00678947 0.00887368 0.00748421 0.00238947 0.00262105 0.00215789 0.00609474 0.00285263 0.00771579 0.00725263 0.00123158 0.00655789 0.00169474 0.00192632 0.00146316
                                1.92
------------------------------------

PP 50	MM 50
0.96	0 0.019 0.01881053 0.00478947 0.01843158 0.01691579 0.01862105 0.01521053 0.01653684 0.01483158 0.0046 0.01596842 0.01786316 0.01748421 0.01710526 0.01615789 0.01805263 0.0154 0.01767368 0.01824211 0.01634737 0.01729474 0.01672632 0.01558947 0.01577895 0.01464211 0.01085263 0.01369474 0.01445263 0.00952632 0.01426316 0.01293684 0.01502105 0.01407368 0.00971579 0.01028421 0.01350526 0.00990526 0.01388421 0.01312632 0.01142105 0.01236842 0.00441053 0.01274737 0.00838947 0.01009474 0.00384211 0.00725263 0.00365263 0.00422105 0.0118 0.01161053 0.00876842 0.00687368 0.01255789 0.00403158 0.00535789 0.01331579 0.01123158 0.01104211 0.00895789 0.01198947 0.00763158 0.00857895 0.01066316 0.00327368 0.01047368 0.00782105 0.01217895 0.00933684 0.00801053 0.00346316 0.00706316 0.00914737 0.00308421 0.00270526 0.0082 0.00289474 0.00668421 0.00497895 0.00592632 0.00573684 0.00744211 0.00630526 0.00213684 0.00232632 0.00194737 0.00516842 0.00251579 0.00649474 0.00611579 0.00118947 0.00554737 0.00156842 0.00175789 0.00137895
                                1.92
------------------------------------

PP 60	MM 40
1.152	0 0.015 0.01485263 0.00394737 0.01455789 0.01337895 0.01470526 0.01205263 0.01308421 0.01175789 0.0038 0.01264211 0.01411579 0.01382105 0.01352632 0.01278947 0.01426316 0.0122 0.01396842 0.01441053 0.01293684 0.01367368 0.01323158 0.01234737 0.01249474 0.01161053 0.00866316 0.01087368 0.01146316 0.00763158 0.01131579 0.01028421 0.01190526 0.01116842 0.00777895 0.00822105 0.01072632 0.00792632 0.01102105 0.01043158 0.00910526 0.00984211 0.00365263 0.01013684 0.00674737 0.00807368 0.00321053 0.00586316 0.00306316 0.00350526 0.0094 0.00925263 0.00704211 0.00556842 0.00998947 0.00335789 0.00438947 0.01057895 0.00895789 0.00881053 0.00718947 0.00954737 0.00615789 0.00689474 0.00851579 0.00276842 0.00836842 0.00630526 0.00969474 0.00748421 0.00645263 0.00291579 0.00571579 0.00733684 0.00262105 0.00232632 0.0066 0.00247368 0.00542105 0.00409474 0.00483158 0.00468421 0.00601053 0.00512632 0.00188421 0.00203158 0.00173684 0.00424211 0.00217895 0.00527368 0.00497895 0.00114737 0.00453684 0.00144211 0.00158947 0.00129474
                                1.92
------------------------------------

PP 80	MM 20
1.536	0 0.007 0.00693684 0.00226316 0.00681053 0.00630526 0.00687368 0.00573684 0.00617895 0.00561053 0.0022 0.00598947 0.00662105 0.00649474 0.00636842 0.00605263 0.00668421 0.0058 0.00655789 0.00674737 0.00611579 0.00643158 0.00624211 0.00586316 0.00592632 0.00554737 0.00428421 0.00523158 0.00548421 0.00384211 0.00542105 0.00497895 0.00567368 0.00535789 0.00390526 0.00409474 0.00516842 0.00396842 0.00529474 0.00504211 0.00447368 0.00478947 0.00213684 0.00491579 0.00346316 0.00403158 0.00194737 0.00308421 0.00188421 0.00207368 0.0046 0.00453684 0.00358947 0.00295789 0.00485263 0.00201053 0.00245263 0.00510526 0.00441053 0.00434737 0.00365263 0.00466316 0.00321053 0.00352632 0.00422105 0.00175789 0.00415789 0.00327368 0.00472632 0.00377895 0.00333684 0.00182105 0.00302105 0.00371579 0.00169474 0.00156842 0.0034 0.00163158 0.00289474 0.00232632 0.00264211 0.00257895 0.00314737 0.00276842 0.00137895 0.00144211 0.00131579 0.00238947 0.00150526 0.00283158 0.00270526 0.00106316 0.00251579 0.00118947 0.00125263 0.00112632
	                        1.92
------------------------------------


PP 85	MM 15
1.632	0 0.005 0.00495789 0.00184211 0.00487368 0.00453684 0.00491579 0.00415789 0.00445263 0.00407368 0.0018 0.00432632 0.00474737 0.00466316 0.00457895 0.00436842 0.00478947 0.0042 0.00470526 0.00483158 0.00441053 0.00462105 0.00449474 0.00424211 0.00428421 0.00403158 0.00318947 0.00382105 0.00398947 0.00289474 0.00394737 0.00365263 0.00411579 0.00390526 0.00293684 0.00306316 0.00377895 0.00297895 0.00386316 0.00369474 0.00331579 0.00352632 0.00175789 0.00361053 0.00264211 0.00302105 0.00163158 0.00238947 0.00158947 0.00171579 0.0034 0.00335789 0.00272632 0.00230526 0.00356842 0.00167368 0.00196842 0.00373684 0.00327368 0.00323158 0.00276842 0.00344211 0.00247368 0.00268421 0.00314737 0.00150526 0.00310526 0.00251579 0.00348421 0.00285263 0.00255789 0.00154737 0.00234737 0.00281053 0.00146316 0.00137895 0.0026 0.00142105 0.00226316 0.00188421 0.00209474 0.00205263 0.00243158 0.00217895 0.00125263 0.00129474 0.00121053 0.00192632 0.00133684 0.00222105 0.00213684 0.00104211 0.00201053 0.00112632 0.00116842 0.00108421
                                1.92
------------------------------------

PP 90	MM 10
1.728   0 0.003 0.00297895 0.00142105 0.00293684 0.00276842 0.00295789 0.00257895 0.00272632 0.00253684 0.0014 0.00266316 0.00287368 0.00283158 0.00278947 0.00268421 0.00289474 0.0026 0.00285263 0.00291579 0.00270526 0.00281053 0.00274737 0.00262105 0.00264211 0.00251579 0.00209474 0.00241053 0.00249474 0.00194737 0.00247368 0.00232632 0.00255789 0.00245263 0.00196842 0.00203158 0.00238947 0.00198947 0.00243158 0.00234737 0.00215789 0.00226316 0.00137895 0.00230526 0.00182105 0.00201053 0.00131579 0.00169474 0.00129474 0.00135789 0.0022 0.00217895 0.00186316 0.00165263 0.00228421 0.00133684 0.00148421 0.00236842 0.00213684 0.00211579 0.00188421 0.00222105 0.00173684 0.00184211 0.00207368 0.00125263 0.00205263 0.00175789 0.00224211 0.00192632 0.00177895 0.00127368 0.00167368 0.00190526 0.00123158 0.00118947 0.0018 0.00121053 0.00163158 0.00144211 0.00154737 0.00152632 0.00171579 0.00158947 0.00112632 0.00114737 0.00110526 0.00146316 0.00116842 0.00161053 0.00156842 0.00102105 0.00150526 0.00106316 0.00108421 0.00104211
                                1.92
------------------------------------

PP 95	MM 05
1.824   0 0.0019 0.00188105 0.00047895 0.00184316 0.00169158 0.00186211 0.00152105 0.00165368 0.00148316 0.00046 0.00159684 0.00178632 0.00174842 0.00171053 0.00161579 0.00180526 0.00154 0.00176737 0.00182421 0.00163474 0.00172947 0.00167263 0.00155895 0.00157789 0.00146421 0.00108526 0.00136947 0.00144526 0.00095263 0.00142632 0.00129368 0.00150211 0.00140737 0.00097158 0.00102842 0.00135053 0.00099053 0.00138842 0.00131263 0.00114211 0.00123684 0.00044105 0.00127474 0.00083895 0.00100947 0.00038421 0.00072526 0.00036526 0.00042211 0.00118 0.00116105 0.00087684 0.00068737 0.00125579 0.00040316 0.00053579 0.00133158 0.00112316 0.00110421 0.00089579 0.00119895 0.00076316 0.00085789 0.00106632 0.00032737 0.00104737 0.00078211 0.00121789 0.00093368 0.00080105 0.00034632 0.00070632 0.00091474 0.00030842 0.00027053 0.00082 0.00028947 0.00066842 0.00049789 0.00059263 0.00057368 0.00074421 0.00063053 0.00021368 0.00023263 0.00019474 0.00051684 0.00025158 0.00064947 0.00061158 0.00011895 0.00055474 0.00015684 0.00017579 0.00013789
                                1.92
------------------------------------

PP 100	MM 0
1.92	96 x 0.000 = 0.000
                         	1.92
------------------------------------
