0.0
0.491
0.518
0.542
0.679
0.746
0.888
0.929
1.011
1.012
1.047
1.057
1.084
1.089
1.128
1.17
1.181
1.183
1.195
1.257
1.261
1.27
1.368
1.37
1.421
1.466
1.531
1.611
1.644
1.699
1.876
2.381
2.412
2.487
2.531
2.608
2.664
2.669
2.923
2.959
2.963
2.98
3.011
3.018
3.021
3.031
3.039
3.043
3.083
3.093
3.101
3.101
3.102
3.129
3.129
3.141
3.153
3.153
3.193
3.296
3.323
3.337
3.34
3.375
3.436
3.443
3.555
3.588
3.614
3.619
3.643
3.671
3.736
3.915
3.977
4.33
4.501
4.854
4.871
4.887
4.934
4.995
5.188
5.197
5.219
5.25
5.304
5.306
5.496
5.496
5.641
5.681
5.772
5.777
6.667
7.791
