
PP 0	MM 100
0.0	0 0.312621844 0.134594504 0.000185110936 0.123313852 0.0509483637 0.128499516 0.0358978463 0.0482255736 0.0298751754 0.000138028405 0.0411813415 0.0680930904 0.0551338977 0.0518303632 0.0419662249 0.0868860426 0.0361451472 0.0634660684 0.0974746979 0.0451031376 0.0550393498 0.0486412142 0.0402035935 0.0410402207 0.0297727987 0.00175953725 0.0186028605 0.0272774771 0.00152591438 0.0252499862 0.00497865004 0.0353475878 0.0225844785 0.00154701091 0.00169724697 0.016927104 0.0015737922 0.0196869288 0.00525072215 0.00193372865 0.00355641933 7.53081265e-05 0.00437730198 0.00139562681 0.0016856346 6.56462234e-05 0.00101246327 5.9120796e-05 7.31425375e-05 0.00207115013 0.00194705015 0.0014543165 0.000858659067 0.00405890471 7.11612558e-05 0.000513098089 0.0124924221 0.00187812162 0.00178080462 0.0014543165 0.00320290081 0.00104244007 0.00142466947 0.00175050059 4.17993211e-05 0.00172071225 0.00109188507 0.00323050557 0.00152591438 0.00130302652 4.24500141e-05 0.000953433119 0.00152329762 4.02504186e-05 3.47865452e-05 0.00139562681 3.81647976e-05 0.000848404477 0.000339280348 0.000627209082 0.000601897736 0.00101768994 0.000661484658 2.5020401e-05 2.5020401e-05 1.95079256e-05 0.000377375395 3.46673381e-05 0.000700032198 0.000632614795 3.35296831e-06 0.000573655915 1.55798593e-05 1.82135684e-05 1.5446729e-05
                                1.92
------------------------------------

PP 05	MM 95
0.096	0 0.296990751 0.127864779 0.00017585539 0.117148159 0.0484009455 0.12207454 0.0341029539 0.0458142949 0.0283814166 0.000131126985 0.0391222745 0.0646884359 0.0523772028 0.0492388451 0.0398679136 0.0825417405 0.0343378899 0.0602927649 0.092600963 0.0428479807 0.0522873823 0.0462091535 0.0381934138 0.0389882097 0.0282841588 0.00167156039 0.0176727175 0.0259136032 0.00144961866 0.0239874869 0.00472971754 0.0335802084 0.0214552546 0.00146966036 0.00161238462 0.0160807488 0.00149510259 0.0187025823 0.00498818604 0.00183704222 0.00337859837 7.15427202e-05 0.00415843688 0.00132584547 0.00160135287 6.23639123e-05 0.000961840105 5.61647562e-05 6.94854106e-05 0.00196759263 0.00184969764 0.00138160068 0.000815726114 0.00385595948 6.7603193e-05 0.000487443184 0.011867801 0.00178421554 0.00169176439 0.00138160068 0.00304275577 0.000990318067 0.001353436 0.00166297556 3.97093551e-05 0.00163467664 0.00103729082 0.0030689803 0.00144961866 0.00123787519 4.03275134e-05 0.000905761464 0.00144713274 3.82378977e-05 3.30472179e-05 0.00132584547 3.62565578e-05 0.000805984253 0.000322316331 0.000595848628 0.000571802849 0.00096680544 0.000628410425 2.3769381e-05 2.3769381e-05 1.85325293e-05 0.000358506625 3.29339712e-05 0.000665030588 0.000600984055 3.18531989e-06 0.000544973119 1.48008664e-05 1.730289e-05 1.46743925e-05
                                1.92
------------------------------------

PP 10	MM 90
0.192	0 0.281359659 0.121135053 0.000166599843 0.110982467 0.0458535273 0.115649565 0.0323080616 0.0434030162 0.0268876579 0.000124225565 0.0370632074 0.0612837813 0.0496205079 0.0466473269 0.0377696024 0.0781974383 0.0325306325 0.0571194615 0.0877272281 0.0405928238 0.0495354148 0.0437770928 0.0361832342 0.0369361986 0.0267955188 0.00158358353 0.0167425745 0.0245497294 0.00137332294 0.0227249876 0.00448078504 0.0318128291 0.0203260306 0.00139230982 0.00152752227 0.0152343936 0.00141641298 0.0177182359 0.00472564993 0.00174035579 0.0032007774 6.77773138e-05 0.00393957179 0.00125606413 0.00151707114 5.90816011e-05 0.000911216942 5.32087164e-05 6.58282837e-05 0.00186403512 0.00175234513 0.00130888485 0.00077279316 0.00365301424 6.40451302e-05 0.00046178828 0.0112431799 0.00169030946 0.00160272416 0.00130888485 0.00288261073 0.000938196063 0.00128220252 0.00157545053 3.7619389e-05 0.00154864102 0.000982696567 0.00290745502 0.00137332294 0.00117272387 3.82050127e-05 0.000858089808 0.00137096786 3.62253768e-05 3.13078906e-05 0.00125606413 3.43483179e-05 0.000763564029 0.000305352313 0.000564488174 0.000541707962 0.000915920943 0.000595336192 2.25183609e-05 2.25183609e-05 1.7557133e-05 0.000339637855 3.12006043e-05 0.000630028978 0.000569353316 3.01767148e-06 0.000516290323 1.40218734e-05 1.63922116e-05 1.39020561e-05
                                1.92
------------------------------------

PP 15	MM 85
0.288	0 0.265728567 0.114405328 0.000157344296 0.104816774 0.0433061091 0.109224589 0.0305131693 0.0409917375 0.0253938991 0.000117324145 0.0350041403 0.0578791268 0.046863813 0.0440558087 0.0356712911 0.0738531362 0.0307233751 0.0539461581 0.0828534932 0.0383376669 0.0467834473 0.0413450321 0.0341730545 0.0348841876 0.0253068789 0.00149560667 0.0158124314 0.0231858555 0.00129702722 0.0214624883 0.00423185253 0.0300454497 0.0191968067 0.00131495927 0.00144265992 0.0143880384 0.00133772337 0.0167338894 0.00446311383 0.00164366936 0.00302295643 6.40119075e-05 0.00372070669 0.00118628279 0.00143278941 5.57992899e-05 0.000860593778 5.02526766e-05 6.21711568e-05 0.00176047761 0.00165499263 0.00123616903 0.000729860207 0.003450069 6.04870674e-05 0.000436133375 0.0106185588 0.00159640338 0.00151368393 0.00123616903 0.00272246568 0.00088607406 0.00121096905 0.00148792551 3.55294229e-05 0.00146260541 0.000928102314 0.00274592974 0.00129702722 0.00110757254 3.6082512e-05 0.000810418152 0.00129480298 3.42128558e-05 2.95685634e-05 0.00118628279 3.2440078e-05 0.000721143806 0.000288388296 0.00053312772 0.000511613075 0.000865036446 0.00056226196 2.12673409e-05 2.12673409e-05 1.65817368e-05 0.000320769085 2.94672374e-05 0.000595027369 0.000537722576 2.85002306e-06 0.000487607527 1.32428804e-05 1.54815332e-05 1.31297196e-05
                                1.92
------------------------------------


PP 20	MM 80
0.384	0 0.250097475 0.107675603 0.000148088749 0.0986510815 0.0407586909 0.102799613 0.028718277 0.0385804588 0.0239001403 0.000110422724 0.0329450732 0.0544744723 0.0441071181 0.0414642906 0.0335729799 0.0695088341 0.0289161178 0.0507728547 0.0779797583 0.0360825101 0.0440314798 0.0389129714 0.0321628748 0.0328321766 0.023818239 0.0014076298 0.0148822884 0.0218219817 0.0012207315 0.020199989 0.00398292003 0.0282780703 0.0180675828 0.00123760872 0.00135779757 0.0135416832 0.00125903376 0.015749543 0.00420057772 0.00154698292 0.00284513547 6.02465012e-05 0.00350184159 0.00111650145 0.00134850768 5.25169787e-05 0.000809970615 4.72966368e-05 5.851403e-05 0.00165692011 0.00155764012 0.0011634532 0.000686927253 0.00324712377 5.69290046e-05 0.000410478471 0.00999393765 0.0015024973 0.0014246437 0.0011634532 0.00256232064 0.000833952056 0.00113973557 0.00140040048 3.34394569e-05 0.0013765698 0.00087350806 0.00258440446 0.0012207315 0.00104242121 3.39600113e-05 0.000762746496 0.0012186381 3.22003349e-05 2.78292361e-05 0.00111650145 3.05318381e-05 0.000678723582 0.000271424279 0.000501767266 0.000481518189 0.000814151949 0.000529187727 2.00163208e-05 2.00163208e-05 1.56063405e-05 0.000301900316 2.77338705e-05 0.000560025759 0.000506091836 2.68237465e-06 0.000458924732 1.24638875e-05 1.45708548e-05 1.23573832e-05
	                        1.92
------------------------------------

PP 25	MM 75
0.48	0 0.234466383 0.100945878 0.000138833202 0.0924853889 0.0382112728 0.0963746372 0.0269233847 0.0361691802 0.0224063815 0.000103521304 0.0308860061 0.0510698178 0.0413504233 0.0388727724 0.0314746687 0.0651645319 0.0271088604 0.0475995513 0.0731060234 0.0338273532 0.0412795123 0.0364809107 0.0301526951 0.0307801655 0.022329599 0.00131965294 0.0139521454 0.0204581078 0.00114443578 0.0189374897 0.00373398753 0.0265106909 0.0169383589 0.00116025818 0.00127293522 0.012695328 0.00118034415 0.0147651966 0.00393804161 0.00145029649 0.0026673145 5.64810949e-05 0.00328297649 0.00104672011 0.00126422595 4.92346676e-05 0.000759347452 4.4340597e-05 5.48569031e-05 0.0015533626 0.00146028761 0.00109073738 0.0006439943 0.00304417853 5.33709418e-05 0.000384823567 0.00936931655 0.00140859122 0.00133560347 0.00109073738 0.0024021756 0.000781830053 0.0010685021 0.00131287545 3.13494908e-05 0.00129053419 0.000818913806 0.00242287918 0.00114443578 0.000977269889 3.18375106e-05 0.00071507484 0.00114247322 3.0187814e-05 2.60899089e-05 0.00104672011 2.86235982e-05 0.000636303358 0.000254460261 0.000470406812 0.000451423302 0.000763267452 0.000496113494 1.87653008e-05 1.87653008e-05 1.46309442e-05 0.000283031546 2.60005036e-05 0.000525024149 0.000474461096 2.51472623e-06 0.000430241936 1.16848945e-05 1.36601763e-05 1.15850467e-05
                                1.92
------------------------------------

PP 40	MM 60
0.768	0 0.187573106 0.0807567022 0.000111066562 0.0739883111 0.0305690182 0.0770997098 0.0215387078 0.0289353441 0.0179251052 8.28170433e-05 0.0247088049 0.0408558542 0.0330803386 0.0310982179 0.0251797349 0.0521316255 0.0216870883 0.038079641 0.0584848187 0.0270618825 0.0330236099 0.0291847285 0.0241221561 0.0246241324 0.0178636792 0.00105572235 0.0111617163 0.0163664862 0.000915548628 0.0151499917 0.00298719002 0.0212085527 0.0135506871 0.000928206544 0.00101834818 0.0101562624 0.000944275318 0.0118121573 0.00315043329 0.00116023719 0.0021338516 4.51848759e-05 0.00262638119 0.000837376084 0.00101138076 3.93877341e-05 0.000607477961 3.54724776e-05 4.38855225e-05 0.00124269008 0.00116823009 0.000872589901 0.00051519544 0.00243534283 4.26967535e-05 0.000307858853 0.00749545324 0.00112687297 0.00106848277 0.000872589901 0.00192174048 0.000625464042 0.000854801681 0.00105030036 2.50795927e-05 0.00103242735 0.000655131045 0.00193830334 0.000915548628 0.000781815911 2.54700085e-05 0.000572059872 0.000913978574 2.41502512e-05 2.08719271e-05 0.000837376084 2.28988786e-05 0.000509042686 0.000203568209 0.000376325449 0.000361138641 0.000610613962 0.000396890795 1.50122406e-05 1.50122406e-05 1.17047554e-05 0.000226425237 2.08004029e-05 0.000420019319 0.000379568877 2.01178098e-06 0.000344193549 9.3479156e-06 1.09281411e-05 9.26803737e-06
	                        1.92
------------------------------------

PP 50	MM 50
0.96	0 0.156310922 0.0672972519 9.25554682e-05 0.0616569259 0.0254741818 0.0642497581 0.0179489231 0.0241127868 0.0149375877 6.90142027e-05 0.0205906708 0.0340465452 0.0275669488 0.0259151816 0.0209831124 0.0434430213 0.0180725736 0.0317330342 0.048737349 0.0225515688 0.0275196749 0.0243206071 0.0201017968 0.0205201104 0.0148863994 0.000879768627 0.00930143026 0.0136387385 0.00076295719 0.0126249931 0.00248932502 0.0176737939 0.0112922392 0.000773505453 0.000848623483 0.00846355201 0.000786896098 0.00984346438 0.00262536107 0.000966864327 0.00177820967 3.76540632e-05 0.00218865099 0.000697813404 0.000842817298 3.28231117e-05 0.000506231634 2.9560398e-05 3.65712687e-05 0.00103557507 0.000973525075 0.000727158251 0.000429329533 0.00202945236 3.55806279e-05 0.000256549044 0.00624621103 0.00093906081 0.000890402312 0.000727158251 0.0016014504 0.000521220035 0.000712334734 0.000875250297 2.08996606e-05 0.000860356125 0.000545942537 0.00161525279 0.00076295719 0.000651513259 2.12250071e-05 0.00047671656 0.000761648812 2.01252093e-05 1.73932726e-05 0.000697813404 1.90823988e-05 0.000424202239 0.000169640174 0.000313604541 0.000300948868 0.000508844968 0.000330742329 1.25102005e-05 1.25102005e-05 9.7539628e-06 0.000188687697 1.73336691e-05 0.000350016099 0.000316307398 1.67648415e-06 0.000286827957 7.78992966e-06 9.10678422e-06 7.72336448e-06
    	                        1.92
------------------------------------

PP 60	MM 40
1.152	0 0.125048737 0.0538378015 7.40443746e-05 0.0493255407 0.0203793455 0.0513998065 0.0143591385 0.0192902294 0.0119500702 5.52113622e-05 0.0164725366 0.0272372361 0.0220535591 0.0207321453 0.0167864899 0.034754417 0.0144580589 0.0253864273 0.0389898792 0.018041255 0.0220157399 0.0194564857 0.0160814374 0.0164160883 0.0119091195 0.000703814901 0.0074411442 0.0109109908 0.000610365752 0.0100999945 0.00199146002 0.0141390351 0.00903379139 0.000618804362 0.000678898786 0.00677084161 0.000629516878 0.0078747715 0.00210028886 0.000773491462 0.00142256773 3.01232506e-05 0.00175092079 0.000558250723 0.000674253838 2.62584894e-05 0.000404985307 2.36483184e-05 2.9257015e-05 0.000828460053 0.00077882006 0.0005817266 0.000343463627 0.00162356188 2.84645023e-05 0.000205239235 0.00499696883 0.000751248648 0.00071232185 0.0005817266 0.00128116032 0.000416976028 0.000569867787 0.000700200238 1.67197284e-05 0.0006882849 0.00043675403 0.00129220223 0.000610365752 0.000521210607 1.69800056e-05 0.000381373248 0.000609319049 1.61001674e-05 1.39146181e-05 0.000558250723 1.52659191e-05 0.000339361791 0.000135712139 0.000250883633 0.000240759094 0.000407075975 0.000264593863 1.00081604e-05 1.00081604e-05 7.80317024e-06 0.000150950158 1.38669352e-05 0.000280012879 0.000253045918 1.34118732e-06 0.000229462366 6.23194373e-06 7.28542738e-06 6.17869158e-06
                                1.92
------------------------------------

PP 80	MM 20
1.536	0 0.0625243687 0.0269189007 3.70221873e-05 0.0246627704 0.0101896727 0.0256999033 0.00717956925 0.00964511471 0.00597503508 2.76056811e-05 0.00823626831 0.0136186181 0.0110267795 0.0103660726 0.00839324497 0.0173772085 0.00722902945 0.0126932137 0.0194949396 0.00902062751 0.01100787 0.00972824284 0.0080407187 0.00820804414 0.00595455974 0.000351907451 0.0037205721 0.00545549542 0.000305182876 0.00504999724 0.000995730008 0.00706951757 0.0045168957 0.000309402181 0.000339449393 0.0033854208 0.000314758439 0.00393738575 0.00105014443 0.000386745731 0.000711283867 1.50616253e-05 0.000875460397 0.000279125361 0.000337126919 1.31292447e-05 0.000202492654 1.18241592e-05 1.46285075e-05 0.000414230027 0.00038941003 0.0002908633 0.000171731813 0.000811780942 1.42322512e-05 0.000102619618 0.00249848441 0.000375624324 0.000356160925 0.0002908633 0.000640580161 0.000208488014 0.000284933894 0.000350100119 8.35986422e-06 0.00034414245 0.000218377015 0.000646101115 0.000305182876 0.000260605304 8.49000282e-06 0.000190686624 0.000304659525 8.05008372e-06 6.95730903e-06 0.000279125361 7.63295953e-06 0.000169680895 6.78560696e-05 0.000125441816 0.000120379547 0.000203537987 0.000132296932 5.0040802e-06 5.0040802e-06 3.90158512e-06 7.54750789e-05 6.93346762e-06 0.00014000644 0.000126522959 6.70593662e-07 0.000114731183 3.11597187e-06 3.64271369e-06 3.08934579e-06
                                1.92
------------------------------------

PP 85	MM 15
1.632	0 0.0468932765 0.0201891756 2.77666405e-05 0.0184970778 0.00764225455 0.0192749274 0.00538467694 0.00723383603 0.00448127631 2.07042608e-05 0.00617720123 0.0102139636 0.00827008465 0.00777455448 0.00629493373 0.0130329064 0.00542177208 0.00951991025 0.0146212047 0.00676547063 0.00825590247 0.00729618213 0.00603053903 0.00615603311 0.00446591981 0.000263930588 0.00279042908 0.00409162156 0.000228887157 0.00378749793 0.000746797506 0.00530213818 0.00338767177 0.000232051636 0.000254587045 0.0025390656 0.000236068829 0.00295303931 0.000787608322 0.000290059298 0.0005334629 1.1296219e-05 0.000656595298 0.000209344021 0.000252845189 9.84693352e-06 0.00015186949 8.8681194e-06 1.09713806e-05 0.00031067252 0.000292057522 0.000218147475 0.00012879886 0.000608835707 1.06741884e-05 7.69647133e-05 0.00187386331 0.000281718243 0.000267120694 0.000218147475 0.000480435121 0.000156366011 0.00021370042 0.000262575089 6.26989817e-06 0.000258106837 0.000163782761 0.000484575836 0.000228887157 0.000195453978 6.36750212e-06 0.000143014968 0.000228494643 6.03756279e-06 5.21798177e-06 0.000209344021 5.72471965e-06 0.000127260672 5.08920522e-05 9.40813624e-05 9.02846604e-05 0.00015265349 9.92226987e-05 3.75306015e-06 3.75306015e-06 2.92618884e-06 5.66063092e-05 5.20010072e-06 0.00010500483 9.48922193e-05 5.02945246e-07 8.60483872e-05 2.3369789e-06 2.73203527e-06 2.31700934e-06
                                1.92
------------------------------------

PP 90	MM 10
1.728	0 0.0312621844 0.0134594504 1.85110936e-05 0.0123313852 0.00509483637 0.0128499516 0.00358978463 0.00482255736 0.00298751754 1.38028405e-05 0.00411813415 0.00680930904 0.00551338977 0.00518303632 0.00419662249 0.00868860426 0.00361451472 0.00634660684 0.00974746979 0.00451031376 0.00550393498 0.00486412142 0.00402035935 0.00410402207 0.00297727987 0.000175953725 0.00186028605 0.00272774771 0.000152591438 0.00252499862 0.000497865004 0.00353475878 0.00225844785 0.000154701091 0.000169724697 0.0016927104 0.00015737922 0.00196869288 0.000525072215 0.000193372865 0.000355641933 7.53081265e-06 0.000437730198 0.000139562681 0.00016856346 6.56462234e-06 0.000101246327 5.9120796e-06 7.31425375e-06 0.000207115013 0.000194705015 0.00014543165 8.58659067e-05 0.000405890471 7.11612558e-06 5.13098089e-05 0.00124924221 0.000187812162 0.000178080462 0.00014543165 0.000320290081 0.000104244007 0.000142466947 0.000175050059 4.17993211e-06 0.000172071225 0.000109188507 0.000323050557 0.000152591438 0.000130302652 4.24500141e-06 9.53433119e-05 0.000152329762 4.02504186e-06 3.47865452e-06 0.000139562681 3.81647976e-06 8.48404477e-05 3.39280348e-05 6.27209082e-05 6.01897736e-05 0.000101768994 6.61484658e-05 2.5020401e-06 2.5020401e-06 1.95079256e-06 3.77375395e-05 3.46673381e-06 7.00032198e-05 6.32614795e-05 3.35296831e-07 5.73655915e-05 1.55798593e-06 1.82135684e-06 1.5446729e-06
                                1.92
------------------------------------

PP 95	MM 05
1.824	0 0.0156310922 0.00672972519 9.25554682e-06 0.00616569259 0.00254741818 0.00642497581 0.00179489231 0.00241127868 0.00149375877 6.90142027e-06 0.00205906708 0.00340465452 0.00275669488 0.00259151816 0.00209831124 0.00434430213 0.00180725736 0.00317330342 0.0048737349 0.00225515688 0.00275196749 0.00243206071 0.00201017968 0.00205201104 0.00148863994 8.79768627e-05 0.000930143026 0.00136387385 7.6295719e-05 0.00126249931 0.000248932502 0.00176737939 0.00112922392 7.73505453e-05 8.48623483e-05 0.000846355201 7.86896098e-05 0.000984346438 0.000262536107 9.66864327e-05 0.000177820967 3.76540632e-06 0.000218865099 6.97813404e-05 8.42817298e-05 3.28231117e-06 5.06231634e-05 2.9560398e-06 3.65712687e-06 0.000103557507 9.73525075e-05 7.27158251e-05 4.29329533e-05 0.000202945236 3.55806279e-06 2.56549044e-05 0.000624621103 9.3906081e-05 8.90402312e-05 7.27158251e-05 0.00016014504 5.21220035e-05 7.12334734e-05 8.75250297e-05 2.08996606e-06 8.60356125e-05 5.45942537e-05 0.000161525279 7.6295719e-05 6.51513259e-05 2.12250071e-06 4.7671656e-05 7.61648812e-05 2.01252093e-06 1.73932726e-06 6.97813404e-05 1.90823988e-06 4.24202239e-05 1.69640174e-05 3.13604541e-05 3.00948868e-05 5.08844968e-05 3.30742329e-05 1.25102005e-06 1.25102005e-06 9.7539628e-07 1.88687697e-05 1.73336691e-06 3.50016099e-05 3.16307398e-05 1.67648415e-07 2.86827957e-05 7.78992966e-07 9.10678422e-07 7.72336448e-07
                                1.92
------------------------------------

PP 100	MM 0
1.92	96 x 0.000 = 0.000      1.92
------------------------------------







