PP 0	MM 100			
0.0	0 0.032 0.032 0.01333333 0.032 0.02933333 0.032 0.02666667 0.02933333 0.02666667 0.01333333 0.02933333 0.02933333 0.02933333 0.02933333 0.02933333 0.02933333 0.02666667 0.02933333 0.02933333 0.02933333 0.02933333 0.02933333 0.02933333 0.02933333 0.02666667 0.01866667 0.02666667 0.02666667 0.01866667 0.02666667 0.02133333 0.02666667 0.02666667 0.01866667 0.01866667 0.02666667 0.01866667 0.02666667 0.024 0.02133333 0.02133333 0.01066667 0.02133333 0.01866667 0.01866667 0.01066667 0.01866667 0.01066667 0.01066667 0.02133333 0.02133333 0.01866667 0.01866667 0.02133333 0.01066667 0.016 0.024 0.02133333 0.01866667 0.01866667 0.02133333 0.01866667 0.01866667 0.01866667 0.01066667 0.01866667 0.01866667 0.02133333 0.01866667 0.01866667 0.01066667 0.01866667 0.01866667 0.01066667 0.01066667 0.01866667 0.01066667 0.01866667 0.016 0.016 0.016 0.01866667 0.01866667 0.008 0.008 0.008 0.016 0.01066667 0.01866667 0.016 0.00533333 0.016 0.008 0.008 0.008 
                                1.92
------------------------------------

PP 05	MM 95			
0.096	0 0.0304 0.0304 0.01266667 0.0304 0.02786667 0.0304 0.02533333 0.02786667 0.02533333 0.01266667 0.02786667 0.02786667 0.02786667 0.02786667 0.02786667 0.02786667 0.02533333 0.02786667 0.02786667 0.02786667 0.02786667 0.02786667 0.02786667 0.02786667 0.02533333 0.01773333 0.02533333 0.02533333 0.01773333 0.02533333 0.02026667 0.02533333 0.02533333 0.01773333 0.01773333 0.02533333 0.01773333 0.02533333 0.0228 0.02026667 0.02026667 0.01013333 0.02026667 0.01773333 0.01773333 0.01013333 0.01773333 0.01013333 0.01013333 0.02026667 0.02026667 0.01773333 0.01773333 0.02026667 0.01013333 0.0152 0.0228 0.02026667 0.01773333 0.01773333 0.02026667 0.01773333 0.01773333 0.01773333 0.01013333 0.01773333 0.01773333 0.02026667 0.01773333 0.01773333 0.01013333 0.01773333 0.01773333 0.01013333 0.01013333 0.01773333 0.01013333 0.01773333 0.0152 0.0152 0.0152 0.01773333 0.01773333 0.0076 0.0076 0.0076 0.0152 0.01013333 0.01773333 0.0152 0.00506667 0.0152 0.0076 0.0076 0.0076 
                                1.92
------------------------------------

PP 10	MM 90			
0.192	0 0.0288 0.0288 0.012 0.0288 0.0264 0.0288 0.024 0.0264 0.024 0.012 0.0264 0.0264 0.0264 0.0264 0.0264 0.0264 0.024 0.0264 0.0264 0.0264 0.0264 0.0264 0.0264 0.0264 0.024 0.0168 0.024 0.024 0.0168 0.024 0.0192 0.024 0.024 0.0168 0.0168 0.024 0.0168 0.024 0.0216 0.0192 0.0192 0.0096 0.0192 0.0168 0.0168 0.0096 0.0168 0.0096 0.0096 0.0192 0.0192 0.0168 0.0168 0.0192 0.0096 0.0144 0.0216 0.0192 0.0168 0.0168 0.0192 0.0168 0.0168 0.0168 0.0096 0.0168 0.0168 0.0192 0.0168 0.0168 0.0096 0.0168 0.0168 0.0096 0.0096 0.0168 0.0096 0.0168 0.0144 0.0144 0.0144 0.0168 0.0168 0.0072 0.0072 0.0072 0.0144 0.0096 0.0168 0.0144 0.0048 0.0144 0.0072 0.0072 0.0072 
                                1.92
------------------------------------

PP 15	MM 85			
0.288	0 0.0272 0.0272 0.01133333 0.0272 0.02493333 0.0272 0.02266667 0.02493333 0.02266667 0.01133333 0.02493333 0.02493333 0.02493333 0.02493333 0.02493333 0.02493333 0.02266667 0.02493333 0.02493333 0.02493333 0.02493333 0.02493333 0.02493333 0.02493333 0.02266667 0.01586667 0.02266667 0.02266667 0.01586667 0.02266667 0.01813333 0.02266667 0.02266667 0.01586667 0.01586667 0.02266667 0.01586667 0.02266667 0.0204 0.01813333 0.01813333 0.00906667 0.01813333 0.01586667 0.01586667 0.00906667 0.01586667 0.00906667 0.00906667 0.01813333 0.01813333 0.01586667 0.01586667 0.01813333 0.00906667 0.0136 0.0204 0.01813333 0.01586667 0.01586667 0.01813333 0.01586667 0.01586667 0.01586667 0.00906667 0.01586667 0.01586667 0.01813333 0.01586667 0.01586667 0.00906667 0.01586667 0.01586667 0.00906667 0.00906667 0.01586667 0.00906667 0.01586667 0.0136 0.0136 0.0136 0.01586667 0.01586667 0.0068 0.0068 0.0068 0.0136 0.00906667 0.01586667 0.0136 0.00453333 0.0136 0.0068 0.0068 0.0068 
                                1.92
------------------------------------

PP 20	MM 80
0.384	0 0.0256 0.0256 0.01066667 0.0256 0.02346667 0.0256 0.02133333 0.02346667 0.02133333 0.01066667 0.02346667 0.02346667 0.02346667 0.02346667 0.02346667 0.02346667 0.02133333 0.02346667 0.02346667 0.02346667 0.02346667 0.02346667 0.02346667 0.02346667 0.02133333 0.01493333 0.02133333 0.02133333 0.01493333 0.02133333 0.01706667 0.02133333 0.02133333 0.01493333 0.01493333 0.02133333 0.01493333 0.02133333 0.0192 0.01706667 0.01706667 0.00853333 0.01706667 0.01493333 0.01493333 0.00853333 0.01493333 0.00853333 0.00853333 0.01706667 0.01706667 0.01493333 0.01493333 0.01706667 0.00853333 0.0128 0.0192 0.01706667 0.01493333 0.01493333 0.01706667 0.01493333 0.01493333 0.01493333 0.00853333 0.01493333 0.01493333 0.01706667 0.01493333 0.01493333 0.00853333 0.01493333 0.01493333 0.00853333 0.00853333 0.01493333 0.00853333 0.01493333 0.0128 0.0128 0.0128 0.01493333 0.01493333 0.0064 0.0064 0.0064 0.0128 0.00853333 0.01493333 0.0128 0.00426667 0.0128 0.0064 0.0064 0.0064
                                1.92
------------------------------------

PP 25	MM 75			
0.48	0 0.024 0.024 0.01 0.024 0.022 0.024 0.02 0.022 0.02 0.01 0.022 0.022 0.022 0.022 0.022 0.022 0.02 0.022 0.022 0.022 0.022 0.022 0.022 0.022 0.02 0.014 0.02 0.02 0.014 0.02 0.016 0.02 0.02 0.014 0.014 0.02 0.014 0.02 0.018 0.016 0.016 0.008 0.016 0.014 0.014 0.008 0.014 0.008 0.008 0.016 0.016 0.014 0.014 0.016 0.008 0.012 0.018 0.016 0.014 0.014 0.016 0.014 0.014 0.014 0.008 0.014 0.014 0.016 0.014 0.014 0.008 0.014 0.014 0.008 0.008 0.014 0.008 0.014 0.012 0.012 0.012 0.014 0.014 0.006 0.006 0.006 0.012 0.008 0.014 0.012 0.004 0.012 0.006 0.006 0.006
                                1.92
------------------------------------

PP 40	MM 60
0.768	0 0.0192 0.0192 0.008 0.0192 0.0176 0.0192 0.016 0.0176 0.016 0.008 0.0176 0.0176 0.0176 0.0176 0.0176 0.0176 0.016 0.0176 0.0176 0.0176 0.0176 0.0176 0.0176 0.0176 0.016 0.0112 0.016 0.016 0.0112 0.016 0.0128 0.016 0.016 0.0112 0.0112 0.016 0.0112 0.016 0.0144 0.0128 0.0128 0.0064 0.0128 0.0112 0.0112 0.0064 0.0112 0.0064 0.0064 0.0128 0.0128 0.0112 0.0112 0.0128 0.0064 0.0096 0.0144 0.0128 0.0112 0.0112 0.0128 0.0112 0.0112 0.0112 0.0064 0.0112 0.0112 0.0128 0.0112 0.0112 0.0064 0.0112 0.0112 0.0064 0.0064 0.0112 0.0064 0.0112 0.0096 0.0096 0.0096 0.0112 0.0112 0.0048 0.0048 0.0048 0.0096 0.0064 0.0112 0.0096 0.0032 0.0096 0.0048 0.0048 0.0048
                                1.92
------------------------------------

PP 50	MM 50
0.96	0 0.016 0.016 0.00666667 0.016 0.01466667 0.016 0.01333333 0.01466667 0.01333333 0.00666667 0.01466667 0.01466667 0.01466667 0.01466667 0.01466667 0.01466667 0.01333333 0.01466667 0.01466667 0.01466667 0.01466667 0.01466667 0.01466667 0.01466667 0.01333333 0.00933333 0.01333333 0.01333333 0.00933333 0.01333333 0.01066667 0.01333333 0.01333333 0.00933333 0.00933333 0.01333333 0.00933333 0.01333333 0.012 0.01066667 0.01066667 0.00533333 0.01066667 0.00933333 0.00933333 0.00533333 0.00933333 0.00533333 0.00533333 0.01066667 0.01066667 0.00933333 0.00933333 0.01066667 0.00533333 0.008 0.012 0.01066667 0.00933333 0.00933333 0.01066667 0.00933333 0.00933333 0.00933333 0.00533333 0.00933333 0.00933333 0.01066667 0.00933333 0.00933333 0.00533333 0.00933333 0.00933333 0.00533333 0.00533333 0.00933333 0.00533333 0.00933333 0.008 0.008 0.008 0.00933333 0.00933333 0.004 0.004 0.004 0.008 0.00533333 0.00933333 0.008 0.00266667 0.008 0.004 0.004 0.004
                                1.92
------------------------------------

PP 60	MM 40
1.152   0 0.0128 0.0128 0.00533333 0.0128 0.01173333 0.0128 0.01066667 0.01173333 0.01066667 0.00533333 0.01173333 0.01173333 0.01173333 0.01173333 0.01173333 0.01173333 0.01066667 0.01173333 0.01173333 0.01173333 0.01173333 0.01173333 0.01173333 0.01173333 0.01066667 0.00746667 0.01066667 0.01066667 0.00746667 0.01066667 0.00853333 0.01066667 0.01066667 0.00746667 0.00746667 0.01066667 0.00746667 0.01066667 0.0096 0.00853333 0.00853333 0.00426667 0.00853333 0.00746667 0.00746667 0.00426667 0.00746667 0.00426667 0.00426667 0.00853333 0.00853333 0.00746667 0.00746667 0.00853333 0.00426667 0.0064 0.0096 0.00853333 0.00746667 0.00746667 0.00853333 0.00746667 0.00746667 0.00746667 0.00426667 0.00746667 0.00746667 0.00853333 0.00746667 0.00746667 0.00426667 0.00746667 0.00746667 0.00426667 0.00426667 0.00746667 0.00426667 0.00746667 0.0064 0.0064 0.0064 0.00746667 0.00746667 0.0032 0.0032 0.0032 0.0064 0.00426667 0.00746667 0.0064 0.00213333 0.0064 0.0032 0.0032 0.0032
                                1.92
------------------------------------

PP 80	MM 20
1.536	0 0.0064 0.0064 0.00266667 0.0064 0.00586667 0.0064 0.00533333 0.00586667 0.00533333 0.00266667 0.00586667 0.00586667 0.00586667 0.00586667 0.00586667 0.00586667 0.00533333 0.00586667 0.00586667 0.00586667 0.00586667 0.00586667 0.00586667 0.00586667 0.00533333 0.00373333 0.00533333 0.00533333 0.00373333 0.00533333 0.00426667 0.00533333 0.00533333 0.00373333 0.00373333 0.00533333 0.00373333 0.00533333 0.0048 0.00426667 0.00426667 0.00213333 0.00426667 0.00373333 0.00373333 0.00213333 0.00373333 0.00213333 0.00213333 0.00426667 0.00426667 0.00373333 0.00373333 0.00426667 0.00213333 0.0032 0.0048 0.00426667 0.00373333 0.00373333 0.00426667 0.00373333 0.00373333 0.00373333 0.00213333 0.00373333 0.00373333 0.00426667 0.00373333 0.00373333 0.00213333 0.00373333 0.00373333 0.00213333 0.00213333 0.00373333 0.00213333 0.00373333 0.0032 0.0032 0.0032 0.00373333 0.00373333 0.0016 0.0016 0.0016 0.0032 0.00213333 0.00373333 0.0032 0.00106667 0.0032 0.0016 0.0016 0.0016
                                1.92
------------------------------------

PP 85	MM 15			
1.632	0 0.0048 0.0048 0.002 0.0048 0.0044 0.0048 0.004 0.0044 0.004 0.002 0.0044 0.0044 0.0044 0.0044 0.0044 0.0044 0.004 0.0044 0.0044 0.0044 0.0044 0.0044 0.0044 0.0044 0.004 0.0028 0.004 0.004 0.0028 0.004 0.0032 0.004 0.004 0.0028 0.0028 0.004 0.0028 0.004 0.0036 0.0032 0.0032 0.0016 0.0032 0.0028 0.0028 0.0016 0.0028 0.0016 0.0016 0.0032 0.0032 0.0028 0.0028 0.0032 0.0016 0.0024 0.0036 0.0032 0.0028 0.0028 0.0032 0.0028 0.0028 0.0028 0.0016 0.0028 0.0028 0.0032 0.0028 0.0028 0.0016 0.0028 0.0028 0.0016 0.0016 0.0028 0.0016 0.0028 0.0024 0.0024 0.0024 0.0028 0.0028 0.0012 0.0012 0.0012 0.0024 0.0016 0.0028 0.0024 0.0008 0.0024 0.0012 0.0012 0.0012
                                1.92
------------------------------------

PP 90	MM 10			
1.728	0 0.0032 0.0032 0.00133333 0.0032 0.00293333 0.0032 0.00266667 0.00293333 0.00266667 0.00133333 0.00293333 0.00293333 0.00293333 0.00293333 0.00293333 0.00293333 0.00266667 0.00293333 0.00293333 0.00293333 0.00293333 0.00293333 0.00293333 0.00293333 0.00266667 0.00186667 0.00266667 0.00266667 0.00186667 0.00266667 0.00213333 0.00266667 0.00266667 0.00186667 0.00186667 0.00266667 0.00186667 0.00266667 0.0024 0.00213333 0.00213333 0.00106667 0.00213333 0.00186667 0.00186667 0.00106667 0.00186667 0.00106667 0.00106667 0.00213333 0.00213333 0.00186667 0.00186667 0.00213333 0.00106667 0.0016 0.0024 0.00213333 0.00186667 0.00186667 0.00213333 0.00186667 0.00186667 0.00186667 0.00106667 0.00186667 0.00186667 0.00213333 0.00186667 0.00186667 0.00106667 0.00186667 0.00186667 0.00106667 0.00106667 0.00186667 0.00106667 0.00186667 0.0016 0.0016 0.0016 0.00186667 0.00186667 0.0008 0.0008 0.0008 0.0016 0.00106667 0.00186667 0.0016 0.00053333 0.0016 0.0008 0.0008 0.0008
                                1.92
------------------------------------

PP 95	MM 05			
1.824	0 0.0016 0.0016 0.00066667 0.0016 0.00146667 0.0016 0.00133333 0.00146667 0.00133333 0.00066667 0.00146667 0.00146667 0.00146667 0.00146667 0.00146667 0.00146667 0.00133333 0.00146667 0.00146667 0.00146667 0.00146667 0.00146667 0.00146667 0.00146667 0.00133333 0.00093333 0.00133333 0.00133333 0.00093333 0.00133333 0.00106667 0.00133333 0.00133333 0.00093333 0.00093333 0.00133333 0.00093333 0.00133333 0.0012 0.00106667 0.00106667 0.00053333 0.00106667 0.00093333 0.00093333 0.00053333 0.00093333 0.00053333 0.00053333 0.00106667 0.00106667 0.00093333 0.00093333 0.00106667 0.00053333 0.0008 0.0012 0.00106667 0.00093333 0.00093333 0.00106667 0.00093333 0.00093333 0.00093333 0.00053333 0.00093333 0.00093333 0.00106667 0.00093333 0.00093333 0.00053333 0.00093333 0.00093333 0.00053333 0.00053333 0.00093333 0.00053333 0.00093333 0.0008 0.0008 0.0008 0.00093333 0.00093333 0.0004 0.0004 0.0004 0.0008 0.00053333 0.00093333 0.0008 0.00026667 0.0008 0.0004 0.0004 0.0004
                                1.92
------------------------------------

PP 100	MM 0
1.92	96 x 0.000 = 0.000
                                1.92
------------------------------------





